version:0
KEYSTROKES:false:LEFT:TOP:0.0:0.0:NONE:255,255,255,255,255,255,255,255,false/0,0,0,255,0,0,0,255,false/0,0,0,127,0,0,0,127,false/255,255,255,128,255,255,255,128,false:1.0:NONE
SPOTIFY:false:LEFT:TOP:0.0:0.0:NONE:255,255,255,255,255,255,255,255,false/127,127,127,255,127,127,127,255,false/0,0,0,127,0,0,0,127,false:1.0:OVERLAY
RESOURCE_PACK:false:LEFT:TOP:0.0:0.0:NONE:255,255,255,255,255,255,255,255,false/127,127,127,255,127,127,127,255,false/0,0,0,127,0,0,0,127,false:1.0:OVERLAY
COORDINATES:false:LEFT:TOP:0.0:0.0:NONE:0,179,0,255,0,179,0,255,false/255,153,0,255,255,153,0,255,false/51,51,255,255,51,51,255,255,false/127,127,127,255,127,127,127,255,false/0,0,0,127,0,0,0,127,false:1.0:OVERLAY
ARMOR:false:LEFT:TOP:0.0:0.0:NONE:255,255,255,255,255,255,255,255,false/0,0,0,127,0,0,0,127,false:1.0:OVERLAY
POTION:false:LEFT:TOP:0.0:0.0:NONE:255,255,255,255,255,255,255,255,false/127,127,127,255,127,127,127,255,false/0,0,0,127,0,0,0,127,false:1.0:OVERLAY
FPS:false:LEFT:TOP:0.0:0.0:NONE:255,255,255,255,255,255,255,255,false/255,255,255,255,255,255,255,255,false/255,255,255,255,255,255,255,255,false/0,0,0,127,0,0,0,127,false:1.0:OVERLAY
SPRINTING_STATUS:false:LEFT:TOP:0.0:0.0:NONE:255,255,255,255,255,255,255,255,false/255,255,255,255,255,255,255,255,false/255,255,255,255,255,255,255,255,false/0,0,0,127,0,0,0,127,false:1.0:OVERLAY
PING:false:LEFT:TOP:0.0:0.0:NONE:255,255,255,255,255,255,255,255,false/255,255,255,255,255,255,255,255,false/255,255,255,255,255,255,255,255,false/0,0,0,127,0,0,0,127,false:1.0:OVERLAY
ONLINE_PLAYERS:false:LEFT:TOP:0.0:0.0:NONE:255,255,255,255,255,255,255,255,false/255,255,255,255,255,255,255,255,false/255,255,255,255,255,255,255,255,false/0,0,0,127,0,0,0,127,false:1.0:OVERLAY
CPS:false:LEFT:TOP:0.0:0.0:NONE:255,255,255,255,255,255,255,255,false/255,255,255,255,255,255,255,255,false/255,255,255,255,255,255,255,255,false/0,0,0,127,0,0,0,127,false:1.0:OVERLAY
TIME:false:LEFT:TOP:0.0:0.0:NONE:255,255,255,255,255,255,255,255,false/255,255,255,255,255,255,255,255,false/255,255,255,255,255,255,255,255,false/0,0,0,127,0,0,0,127,false:1.0:OVERLAY
DATE:false:LEFT:TOP:0.0:0.0:NONE:255,255,255,255,255,255,255,255,false/255,255,255,255,255,255,255,255,false/255,255,255,255,255,255,255,255,false/0,0,0,127,0,0,0,127,false:1.0:OVERLAY
BIOME:false:LEFT:TOP:0.0:0.0:NONE:255,255,255,255,255,255,255,255,false/255,255,255,255,255,255,255,255,false/255,255,255,255,255,255,255,255,false/0,0,0,127,0,0,0,127,false:1.0:OVERLAY
DIRECTION:false:LEFT:TOP:0.0:0.0:NONE:255,255,255,255,255,255,255,255,false/255,255,255,255,255,255,255,255,false/255,255,255,255,255,255,255,255,false/0,0,0,127,0,0,0,127,false:1.0:OVERLAY
SERVER_ADDRESS:false:LEFT:TOP:0.0:0.0:NONE:255,255,255,255,255,255,255,255,false/255,255,255,255,255,255,255,255,false/255,255,255,255,255,255,255,255,false/0,0,0,127,0,0,0,127,false:1.0:OVERLAY
MEMORY_USAGE:false:LEFT:TOP:0.0:0.0:NONE:255,255,255,255,255,255,255,255,false/255,255,255,255,255,255,255,255,false/255,255,255,255,255,255,255,255,false/0,0,0,127,0,0,0,127,false:1.0:OVERLAY
CHUNK_COUNT:false:LEFT:TOP:0.0:0.0:NONE:255,255,255,255,255,255,255,255,false/255,255,255,255,255,255,255,255,false/255,255,255,255,255,255,255,255,false/0,0,0,127,0,0,0,127,false:1.0:OVERLAY
